# Permeability
0.73782 0.50667 0.32861 0.17683 0.71605 0.08828 0.19999 0.85297 0.61698 0.05943
0.66793 0.28129 0.36621 0.42603 0.80948 0.05010 0.96652 0.33770 0.18053 0.89537
0.82245 0.39700 0.03368 0.82484 0.64875 0.67161 0.32815 0.67006 0.14297 0.02870
0.21508 0.16211 0.87397 0.01906 0.49069 0.77184 0.50705 0.97704 0.68702 0.20809
0.78215 0.36674 0.90457 0.79232 0.69115 0.76987 0.88344 0.31046 0.45595 0.69689
0.96342 0.87728 0.70550 0.53500 0.66680 0.42470 0.73525 0.13611 0.74977 0.20295
0.76248 0.12599 0.97444 0.56817 0.22631 0.24220 0.18093 0.11076 0.58742 0.04920
0.04779 0.46187 0.45999 0.07448 0.59204 0.90676 0.58554 0.90647 0.44416 0.67484
0.92230 0.34241 0.55139 0.06218 0.05893 0.33745 0.25715 0.48963 0.71956 0.47630
0.54627 0.84708 0.14396 0.26225 0.80641 0.94164 0.30909 0.77072 0.37492 0.12986
