# Permeability
76.14391 76.96145 69.81793 89.55761 71.93962 76.56523 88.64924 95.59178 83.46051 92.22033 70.94753 81.74791 96.56006 88.48348 88.41634 87.75999 90.40248 78.00011 73.46485 77.15162
76.17671 74.39756 74.81395 87.44725 88.10478 72.80444 90.88565 73.18790 76.06159 72.84167 72.15144 97.47154 94.88850 80.31671 92.19329 71.91214 74.88303 91.96834 91.85147 79.28691
91.58329 80.59983 71.99996 72.69756 96.12892 83.81683 91.81131 85.27942 96.30193 87.48244 97.47550 91.76114 87.67771 88.20333 78.83358 89.95096 72.45973 75.90240 89.95531 69.15587
86.01582 78.82807 75.02003 98.06330 88.59606 92.83561 95.08320 77.11909 76.51537 78.67750 92.64307 73.40953 75.13771 82.07017 98.49107 85.25925 81.84517 75.55504 85.81857 88.85170
90.44694 81.65979 98.56710 97.15122 78.17294 98.48184 83.13960 94.50822 69.34997 78.46861 96.25678 71.40432 84.89111 79.15241 73.69036 81.55027 74.85966 91.41187 86.67618 80.75730
82.88192 79.01154 75.06284 72.55176 93.03636 89.39116 92.77197 83.04385 98.66345 79.09242 98.46538 91.27535 78.88596 70.48996 81.56138 77.15209 74.53692 83.55377 85.89414 91.07160
86.61307 87.09701 76.08120 88.60504 94.05949 80.02812 98.52816 73.61002 87.35614 92.49691 71.97214 71.84010 79.20861 72.41654 81.39491 77.77491 93.25128 98.96331 91.81695 93.58324
94.36697 89.40003 91.30489 73.23048 91.39378 80.96224 98.89573 88.50432 88.58290 92.64835 79.98733 93.20200 91.23455 74.76133 87.69673 92.96528 82.01870 92.09434 91.95378 91.65774
83.79551 76.25523 76.51561 88.92592 73.03937 85.37700 84.81233 82.57577 77.16739 79.29312 94.26144 88.05858 73.59642 74.20533 78.31994 70.93039 79.10017 71.29921 85.67926 80.28634
91.67845 95.90719 86.33741 83.60623 95.63943 77.37309 80.69414 92.03088 70.39244 90.77881 77.34488 92.82114 95.02403 76.05751 73.14243 90.27163 76.78537 95.99188 97.44482 90.76633
77.77679 93.29493 0.00000 0.00000 0.00000 0.00000 0.00000 0.00000 0.00000 0.00000 0.00000 0.00000 0.00000 0.00000 0.00000 69.16676 74.67085 98.39907 73.79478 76.37915
95.43473 97.92050 69.44125 95.21246 70.13459 95.61096 89.50769 70.07805 92.85706 83.58288 71.64631 89.44751 85.87773 73.96829 0.00000 85.90279 70.06945 83.38613 97.28067 83.60960
112.12784 99.82051 195.70102 102.36776 114.96155 128.66319 126.22338 106.37787 184.14086 177.56893 179.31647 134.27442 128.02277 151.20834 0.00000 114.42844 167.95656 110.27809 137.76955 140.33312
176.92564 108.80750 154.72330 120.84177 155.93586 166.20524 189.41030 133.94189 148.42291 153.57648 123.53952 196.35080 149.92200 157.64492 0.00000 113.80158 133.25426 180.74627 193.93505 167.09356
137.02999 167.64542 137.02561 123.62218 147.48895 151.98298 190.88229 159.62779 101.03098 132.11303 111.95743 153.61721 137.43684 129.60986 0.00000 152.73168 142.68798 148.26351 173.07620 109.20024
129.24682 140.07620 168.78039 137.02603 113.78476 120.60939 114.53366 108.58499 176.94296 132.65600 117.38338 112.50332 100.06422 129.84892 0.00000 168.87125 195.31650 112.14758 148.26921 139.68245
155.53310 124.72626 190.77898 108.43747 114.16962 179.02140 161.41280 138.64509 108.82200 169.99863 187.93153 127.45716 153.32214 118.31966 0.00000 187.42709 154.86629 180.26916 189.84662 101.26793
145.33497 155.77965 131.71256 103.19616 182.41912 109.46735 114.17468 111.80169 115.41927 101.51887 126.39997 139.89202 168.10329 132.95514 0.00000 105.69424 192.13113 180.99323 106.19311 114.58781
165.68857 198.45979 177.00769 135.06568 116.91976 159.16283 149.28404 166.05128 130.23444 169.85357 165.89306 141.13502 115.36978 131.93634 0.00000 197.03504 136.10642 167.28969 170.51111 193.06613
150.93708 178.84493 101.59080 113.83450 196.15698 157.95544 143.87126 121.17309 192.78018 100.33045 155.70846 156.91301 114.36398 146.62422 0.00000 155.19861 136.99499 177.17855 175.74646 141.46711
