# Permeability
174.95819 169.31129 170.86119 181.78157 187.16566 177.75674 171.59374 149.48135 163.92158 151.27643 115.51771 128.65807 119.28372 120.86596 127.56644 166.08887 127.94372 198.72426 127.74941 155.86483
173.71526 193.97640 174.94195 196.38535 196.30707 161.35126 172.31502 167.85593 153.29887 154.25366 125.21627 128.21642 111.09979 114.04279 114.18885 185.48907 119.78673 123.56123 128.47345 182.79130
188.76268 196.67163 175.31048 195.69639 194.96624 168.43551 175.32529 155.13546 163.10653 154.28803 120.03899 125.12761 109.32542 117.57113 127.18717 173.11659 183.31353 160.36843 184.25475 152.88673
184.16379 169.39115 185.48305 198.33610 170.29543 168.46989 164.26220 159.18949 152.35155 150.96010 117.30896 113.76229 123.68930 124.93157 126.82563 119.27315 124.22771 160.24411 180.89606 132.02595
170.88464 179.14436 188.16935 198.81004 183.78268 170.82685 162.92361 177.32481 149.08031 153.82465 123.98869 115.01948 113.22442 114.34020 125.64748 148.36408 151.90393 157.80901 128.04878 139.99554
122.61304 127.04873 138.72004 148.56635 110.52360 155.17057 182.53102 164.52619 128.29916 178.72360 110.46990 109.06615 110.21489 111.28366 115.56992 182.99653 178.16193 184.16612 170.41292 174.06532
129.21931 127.44382 113.44431 111.73985 137.48533 141.41152 176.02751 153.43909 121.54975 172.83183 117.31023 118.48985 113.91110 117.48416 113.19774 175.09899 169.89416 173.84044 185.47707 177.01960
117.50343 147.01521 109.31017 111.26476 110.55967 164.39169 183.48990 145.66928 123.10199 174.16964 113.38965 117.48023 117.58811 114.59459 112.48177 187.86325 187.71956 179.80311 186.97510 175.02691
142.79062 135.59119 144.57011 127.72522 148.21755 139.34678 140.10207 147.31181 188.42439 140.92467 115.47419 117.79505 118.45565 118.33902 113.00404 179.42646 174.39875 184.23809 174.12212 186.06105
111.48964 142.10180 119.78289 126.66759 142.90071 161.79270 172.35523 174.49072 121.14815 167.48362 116.69662 113.93211 114.16803 110.42102 115.87016 185.24650 181.65921 178.56938 178.19166 174.85073
198.85294 194.28004 189.85012 196.03164 189.14662 126.93326 120.43144 110.04183 113.98196 118.14045 193.58163 185.66943 194.86779 197.13669 170.75276 125.74100 125.21374 124.40342 121.35307 137.41170
192.80978 197.98356 189.86677 195.19772 192.75384 115.54251 115.83579 111.08517 111.78652 122.90417 184.53330 181.28819 188.33894 195.26131 177.11345 138.59143 137.62422 123.78218 138.37360 122.98772
192.75807 190.36164 194.52344 198.64533 193.34167 125.50298 126.88846 118.22290 124.89325 109.49824 182.58711 160.03902 172.02362 183.44783 162.36498 138.90028 132.92587 124.27101 119.29354 129.99392
192.70624 193.00623 190.45626 195.96292 192.68840 119.88078 128.58747 114.87489 128.02388 112.36748 194.40110 193.81281 166.06800 189.97325 198.75061 123.79488 123.27555 121.25912 130.04923 131.19312
191.71635 192.30240 192.35988 197.15734 194.88054 110.41317 124.00148 111.67888 112.08990 120.38764 171.51915 164.35263 191.83385 184.98059 193.73662 137.04068 136.03260 128.81032 134.92626 126.56242
110.11141 109.17391 116.28861 114.00765 112.13248 166.66402 159.31099 168.71089 163.51382 160.42250 110.82882 111.03197 122.49392 112.36985 116.63990 196.03863 196.28717 183.96336 185.98113 180.35441
115.22666 114.51503 118.49378 116.97982 114.34583 162.79667 160.07544 166.70357 164.26738 161.35866 125.38504 122.59125 120.66480 109.52034 114.52389 194.98631 190.43738 179.34791 187.68177 190.99737
115.70535 114.98871 112.21593 115.67821 110.16098 164.48300 162.94256 162.54874 168.22764 165.45880 117.85289 112.28383 115.80081 127.74228 120.44700 198.42085 187.79594 191.04694 191.91960 197.80029
111.41894 110.11024 114.63474 109.84515 118.72942 164.60692 164.19276 167.72762 159.12832 164.52445 117.05955 122.28691 122.30154 120.35619 120.82420 194.00753 194.34627 180.05214 187.56259 197.58508
117.98933 110.66546 114.86232 114.83853 111.48575 160.47453 159.68177 163.70816 165.55676 162.67266 114.17100 110.08765 120.19199 126.44237 112.50658 189.71397 196.86203 179.15154 183.46684 194.86036
